%YAML:1.0
---
K: !!opencv-matrix
   rows: 3
   cols: 3
   dt: d
   data: [ 1.2504024093454136e+03, 0., 3.0550024703235749e+02, 0.,
       1.2495293884391942e+03, 2.0125329937659595e+02, 0., 0., 1. ]
D: !!opencv-matrix
   rows: 1
   cols: 5
   dt: d
   data: [ -4.7378132330392869e-01, 9.7186241862479927e-01,
       -1.8256020014319836e-03, -9.1584806507535789e-04,
       -5.9043121375958423e+00 ]
